70	[3.545612422106446]
75	[3.4801529873888772]
80	[3.4137822858935483]
85	[3.321571166504802]
90	[3.3302573010530887]
95	[3.2234432234432235]
50	[3.6598979693908174]
55	[3.608129755706848]
60	[3.629562775772162]
65	[3.63577629719362]
70	[3.5502343590788668]
75	[3.556012755889312]
80	[3.402574111193164]
85	[3.390858607432721]
90	[3.274568064267635]
50	[1.5]
50	[1.75]
50	[1.5]
50	[1.0]
50	[2.0]
50	[2.0]
50	[1.25]
50	[1.4]
50	[1.8]
50	[1.8]
50	[5.0]
50	[1.6]
50	[2.4]
50	[2.4]
50	[2.8]
50	[2.0]
50	[2.8]
50	[2.2]
50	[3.2]
50	[1.4]
50	[3.0]
50	[3.0]
50	[2.875]
50	[4.25]
50	[1.5]
50	[1.0]
50	[1.8333333333333333]
50	[2.5]
50	[3.5]
50	[1.8333333333333333]
50	[2.1666666666666665]
50	[1.8333333333333333]
50	[3.0]
50	[6.0]
50	[2.0]
50	[4.0]
50	[2.0]
50	[2.0]
50	[1.0]
50	[2.0]
50	[2.0]
50	[4.0]
50	[8.0]
50	[4.0]
50	[4.0]
50	[6.0]
50	[2.0]
50	[2.0]
50	[1.0]
50	[1.0]
50	[1.0]
50	[8.0]
50	[6.0]
50	[1.0]
50	[2.0]
50	[2.0]
50	[3.0]
50	[2.0]
50	[1.0]
50	[1.0]
50	[2.0]
50	[4.0]
50	[1.0]
50	[1.0]
50	[4.0]
50	[1.0]
50	[3.0]
50	[8.0]
50	[1.0]
50	[4.0]
50	[8.0]
50	[4.0]
50	[6.0]
50	[1.0]
50	[2.0]
50	[8.0]
50	[3.2]
50	[1.6666666666666667]
50	[1.3333333333333333]
50	[4.333333333333333]
50	[1.6666666666666667]
50	[4.0]
50	[3.3333333333333335]
50	[3.3333333333333335]
50	[3.6666666666666665]
50	[2.6666666666666665]
50	[1.6666666666666667]
50	[3.75]
50	[1.4]
50	[2.4]
50	[3.0]
50	[2.8]
50	[1.0]
50	[1.3333333333333333]
50	[1.0]
50	[8.0]
50	[1.0]
50	[1.0]
50	[8.0]
50	[1.0]
50	[6.0]
50	[1.0]
50	[3.0]
50	[2.0]
50	[2.0]
50	[1.0]
50	[2.0]
50	[1.0]
50	[2.0]
50	[1.0]
50	[2.0]
50	[4.0]
50	[1.0]
50	[8.0]
50	[1.0]
50	[1.0]
50	[8.0]
50	[2.0]
50	[1.0]
50	[1.0]
50	[1.0]
50	[4.0]
50	[2.0]
50	[4.0]
50	[2.0]
50	[1.0]
50	[4.0]
50	[1.0]
50	[2.0]
50	[1.0]
50	[1.0]
50	[2.0]
50	[1.0]
50	[2.0]
50	[1.0]
50	[6.0]
50	[1.0]
50	[2.0]
50	[1.0]
50	[2.2]
50	[2.7777777777777777]
50	[3.111111111111111]
50	[2.6666666666666665]
50	[3.5]
50	[1.8]
50	[1.7]
50	[4.125]
50	[3.2222222222222223]
50	[2.2]
50	[2.6666666666666665]
50	[2.6]
50	[2.5]
50	[2.0]
50	[2.3333333333333335]
50	[2.7777777777777777]
50	[2.4]
50	[3.0]
50	[2.2222222222222223]
50	[1.8]
50	[3.1]
50	[2.6]
50	[2.6]
50	[1.8]
50	[2.3333333333333335]
50	[2.2]
50	[2.4444444444444446]
50	[2.2]
50	[1.4]
50	[3.111111111111111]
50	[2.1]
50	[1.7]
50	[2.3]
50	[2.2]
50	[2.5714285714285716]
50	[1.7]
50	[3.2857142857142856]
50	[2.0]
50	[1.9]
50	[2.8]
50	[2.888888888888889]
50	[1.6774193548387097]
50	[1.5806451612903225]
50	[1.8387096774193548]
50	[1.6296296296296295]
50	[1.4166666666666667]
50	[1.7045454545454546]
50	[1.6341463414634145]
50	[1.5952380952380953]
50	[1.5121951219512195]
50	[1.558139534883721]
50	[1.9024390243902438]
50	[1.8]
50	[1.32]
50	[2.0]
50	[1.5609756097560976]
50	[1.6666666666666667]
50	[1.7380952380952381]
50	[1.0]
50	[4.0]
50	[2.0]
50	[2.0]
50	[3.0]
50	[2.93]
50	[3.08]
50	[2.9]
50	[2.6]
50	[2.91]
50	[2.99]
50	[3.27]
50	[2.45]
50	[2.5525339925834363]
50	[2.0]
50	[4.0]
50	[8.0]
50	[2.0]
50	[1.0]
50	[1.0]
50	[4.0]
50	[3.0]
50	[3.0]
50	[1.0]
50	[1.0]
50	[4.0]
50	[1.0]
50	[4.0]
50	[1.0]
50	[8.0]
50	[1.0]
50	[4.0]
50	[3.0]
50	[2.0]
50	[4.0]
50	[1.0]
50	[1.0]
50	[2.0]
50	[1.0]
50	[1.0]
50	[1.0]
50	[4.0]
50	[3.0]
50	[1.0]
50	[1.627906976744186]
50	[1.2393162393162394]
50	[1.3067226890756303]
50	[1.2720306513409962]
50	[1.2803347280334727]
50	[1.2466960352422907]
50	[1.2531120331950207]
50	[1.1666666666666667]
50	[1.2672413793103448]
50	[1.2921810699588476]
50	[2.7757390417940875]
50	[2.769791666666667]
50	[2.878]
50	[3.023]
50	[3.025]
50	[2.918]
50	[2.912]
50	[2.9122]
50	[2.9325]
50	[2.9593]
55	[2.8828]
60	[2.919]
65	[2.9198]
70	[2.8868]
75	[2.9305]
80	[2.9204]
50	[2.4165]
55	[2.454]
60	[2.4259]
50	[2.28418598271842]
50	[3.685598377281947]
55	[3.6435137895812053]
60	[3.474663908996898]
65	[3.5395833333333333]
70	[3.514346439957492]
75	[3.340494092373792]
80	[3.2775956284153005]
85	[3.1877058177826565]
90	[3.1634199134199132]
95	[3.2438752783964366]
50	[3.660262891809909]
55	[3.591002044989775]
60	[3.5]
65	[3.597938144329897]
70	[3.4994640943194]
75	[3.3373759647188534]
80	[3.3652822151224706]
85	[3.3787375415282392]
90	[3.318429661941112]
95	[3.287305122494432]
50	[3.4398797595190382]
55	[3.4326018808777428]
60	[3.511892450879007]
65	[3.5416666666666665]
70	[3.347685683530678]
75	[3.324731182795699]
80	[3.417381974248927]
85	[3.0751121076233185]
90	[3.1850613154960983]
95	[3.249158249158249]
50	[3.5529767911200807]
55	[3.509723643807574]
60	[3.6473629782833505]
65	[3.4410201912858662]
70	[3.508919202518363]
75	[3.3296943231441047]
80	[3.3092454835281617]
85	[3.1613995485327315]
90	[3.3213483146067415]
95	[3.2728297632468997]
50	[3.6519]
55	[3.638446912838987]
60	[3.609188484301334]
65	[3.650726392251816]
70	[3.5815372102480683]
75	[3.4809286898839136]
80	[3.4154184560594953]
85	[3.3322234156820625]
90	[3.348819579813732]
50	[3.6745]
55	[3.633706965572458]
60	[3.6622582907524297]
50	[3.631]
55	[3.611161116111611]
60	[3.6073109664496745]
65	[3.627268170426065]
70	[3.608643094590511]
75	[3.5757575757575757]
50	[3.659]
55	[3.6491947584275284]
60	[3.6594572944828276]
65	[3.619374369323915]
70	[3.5685077815074764]
50	[3.644028805761152]
55	[3.628316811855412]
60	[3.6539078156312623]
65	[3.6251009693053313]
70	[3.5201555146306527]
75	[3.5022180955328586]
80	[3.49764471893646]
50	[3.6134]
55	[3.6151691014608764]
60	[3.6357450215150604]
65	[3.622983870967742]
70	[3.6235722227837863]
75	[3.5267447784004076]
80	[3.558473282442748]
85	[3.5462573159461956]
90	[3.521123829344433]
95	[3.4381799163179916]
50	[3.6575657565756576]
55	[3.6393557422969187]
60	[3.6601863914219863]
65	[3.622841563162678]
50	[3.63502700540108]
55	[3.614991993594876]
50	[3.6524]
55	[3.6158927141713373]
60	[3.620180722891566]
65	[3.6191962936851647]
70	[3.5506952197300317]
75	[3.5254970639744516]
80	[3.384116521369339]
85	[3.361791237113402]
90	[3.199268130405855]
95	[3.2082490447291527]
50	[3.6396639663966397]
55	[3.6551206326959655]
60	[3.5807197426618416]
65	[3.5716592652402097]
70	[3.585395661472655]
75	[3.5281923714759538]
80	[3.4400420388859696]
85	[3.3323298570046234]
90	[3.252703597439859]
95	[3.188404184286668]
50	[3.6575]
55	[3.572057205720572]
60	[3.613052208835341]
65	[3.5815035920267126]
70	[3.5550999487442336]
75	[3.5056400703715203]
80	[3.474868559411146]
85	[3.391741548994437]
90	[3.3174012906048342]
95	[3.1979003797185617]
50	[2.906]
55	[2.9482]
60	[2.9723]
65	[2.9241]
70	[2.9256]
75	[2.9411]
80	[2.9098]
85	[2.9101]
90	[2.9552]
50	[2.9066]
60	[2.9005]
70	[2.9123]
80	[2.9306]
90	[2.963]
100	[2.9184]
50	[2.0]
50	[4.0]
50	[3.0]
50	[8.0]
50	[4.0]
50	[1.0]
50	[1.0]
50	[4.0]
50	[1.0]
50	[4.0]
50	[2.0]
50	[2.0]
50	[2.0]
50	[8.0]
50	[1.0]
50	[2.0]
50	[4.0]
50	[4.0]
50	[2.0]
50	[6.0]
50	[1.0]
50	[2.0]
50	[4.0]
50	[1.0]
50	[1.0]
50	[4.0]
50	[2.0]
50	[8.0]
50	[2.0]
50	[4.0]
50	[1.0]
50	[1.0]
50	[4.0]
50	[2.0]
50	[4.0]
50	[2.0]
50	[2.0]
50	[8.0]
50	[2.1593625498007967]
50	[2.3051519154557463]
50	[1.5602094240837696]
50	[1.6981132075471699]
50	[1.5359116022099448]
50	[1.516260162601626]
50	[2.1900393184796854]
55	[2.988]
55	[2.9503]
55	[2.9184]
65	[2.9352]
75	[2.9094]
85	[2.8970632454645684]
95	[2.9183918391839185]
55	[2.91]
65	[2.9605]
75	[2.932]
85	[2.9167]
95	[2.947094709470947]
55	[2.0]
65	[3.0]
75	[4.0]
85	[1.0]
95	[1.0]
55	[6.0]
55	[1.0]
55	[2.0]
55	[4.0]
55	[1.0]
55	[2.0]
55	[2.0]
55	[4.0]
55	[8.0]
55	[2.0]
55	[4.0]
55	[1.0]
55	[1.0]
55	[4.0]
55	[1.0]
55	[4.0]
55	[6.0]
55	[6.0]
55	[2.0]
55	[1.0]
55	[2.0]
55	[2.0]
55	[1.0]
55	[1.0]
55	[1.0]
55	[2.0]
55	[4.0]
55	[2.0]
55	[4.0]
55	[4.0]
55	[2.0]
55	[4.0]
55	[3.0]
55	[2.902]
55	[2.929]
60	[2.903]
65	[2.997]
70	[2.854]
75	[2.961]
80	[2.949]
85	[2.95]
90	[2.928]
55	[2.9922]
60	[2.9302]
65	[2.9157]
70	[2.8957895789578956]
75	[2.9348]
80	[2.952]
85	[2.9268]
55	[1.0]
60	[4.0]
65	[1.0]
70	[2.0]
75	[8.0]
80	[2.0]
85	[8.0]
90	[2.0]
95	[6.0]
90	[2.9541]
55	[2.0]
95	[2.9627]
55	[2.0]
55	[6.0]
55	[4.0]
55	[2.0945945945945947]
60	[2.25]
65	[2.3661971830985915]
70	[2.0694444444444446]
75	[2.3015873015873014]
80	[2.123076923076923]
85	[2.0606060606060606]
90	[2.1343283582089554]
95	[2.4761904761904763]
55	[2.0933333333333333]
60	[2.112676056338028]
65	[2.116883116883117]
70	[1.9583333333333333]
75	[2.3815789473684212]
80	[2.276923076923077]
85	[2.1506849315068495]
90	[2.3636363636363638]
95	[2.353846153846154]
55	[2.2238805970149254]
60	[2.0142857142857142]
65	[2.2054794520547945]
70	[1.9565217391304348]
75	[2.2686567164179103]
80	[2.3194444444444446]
85	[1.911764705882353]
90	[2.085714285714286]
95	[2.1176470588235294]
55	[1.7911392405063291]
60	[1.806873977086743]
65	[1.7294520547945205]
70	[1.7142857142857142]
75	[1.6313993174061434]
80	[1.7214022140221403]
85	[1.70863309352518]
90	[1.683453237410072]
95	[1.6561338289962826]
55	[1.7792642140468227]
60	[1.7152777777777777]
65	[1.7]
70	[1.6835443037974684]
55	[3.1]
55	[4.1]
55	[2.3]
55	[1.8]
55	[4.2]
55	[3.1]
55	[3.9]
55	[1.9]
55	[1.0]
55	[4.0]
55	[4.0]
55	[2.157046979865772]
60	[1.9917582417582418]
65	[2.1005747126436782]
70	[1.9631728045325778]
75	[1.9070422535211267]
80	[1.9864864864864864]
85	[1.882525697503671]
90	[1.9141566265060241]
95	[1.8885542168674698]
55	[2.025469168900804]
60	[2.060810810810811]
65	[2.034632034632035]
70	[1.93943661971831]
75	[2.0416666666666665]
80	[1.9284649776453056]
85	[1.8551829268292683]
90	[1.8915857605177993]
95	[1.858974358974359]
55	[2.057894736842105]
60	[2.1512717536813923]
55	[2.9074560517276216]
60	[2.9082774049217]
65	[2.8367806676223633]
70	[2.76709178339954]
75	[2.706766917293233]
80	[2.710089399744572]
85	[2.6472602739726026]
90	[2.6936801375752366]
95	[2.620894864447873]
55	[2.9044818495234233]
60	[2.8586579645115235]
65	[2.85133734190338]
70	[2.8294605809128632]
75	[2.7244045131633934]
80	[2.7483940042826553]
85	[2.731806506849315]
90	[2.615916955017301]
95	[2.5900634712190853]
55	[2.881]
60	[2.9371]
65	[2.9464]
70	[2.8847]
75	[2.9306]
80	[2.9522]
85	[2.9313]
90	[2.9128]
95	[2.9527]
110	[2.9461]
120	[2.8937787557511503]
130	[2.9326]
140	[2.9557]
150	[2.934]
110	[2.929]
120	[2.9581]
130	[2.9785978597859786]
140	[2.9114]
550	[2.0815181077108114]
55	[4.0]
55	[3.644475636655304]
60	[3.6359613837489944]
65	[3.63951160928743]
70	[3.5835346215781]
75	[3.5759312320916905]
80	[3.5803625993073944]
55	[2.0]
60	[2.0]
65	[6.0]
70	[4.0]
75	[4.0]
80	[6.0]
85	[1.0]
90	[8.0]
95	[4.0]
55	[2.0]
55	[3.0]
55	[6.0]
55	[1.0]
55	[1.0]
55	[2.0]
55	[2.0]
55	[3.0]
55	[4.0]
55	[4.0]
55	[2.1713917525773194]
60	[2.025885558583106]
65	[2.0385164051355207]
70	[1.9916434540389971]
75	[1.9699140401146131]
80	[1.9609826589595376]
85	[1.873323397913562]
90	[1.805722891566265]
95	[1.9033280507131538]
55	[2.8874974752575238]
60	[2.8527970600245]
65	[2.8739272578667756]
70	[2.771937086092715]
75	[2.7551319648093844]
80	[2.7225164160135567]
85	[2.774145299145299]
90	[2.627008250108554]
95	[2.612896077996898]
55	[2.92400162999185]
60	[2.8157467532467533]
65	[2.828032013133593]
70	[2.7833611342785654]
75	[2.7344407064760303]
80	[2.7467091295116774]
85	[2.6848131345863036]
90	[2.648706896551724]
95	[2.653003068829461]
55	[2.88022736500203]
60	[2.846467946100449]
65	[2.825377144038024]
70	[2.7902155887230515]
75	[2.7616613418530354]
80	[2.6936649659863945]
85	[2.7169368600682593]
90	[2.659939236111111]
95	[2.6215391323304993]
55	[2.8440533980582523]
60	[2.9003248071457572]
65	[2.9061921415346634]
70	[2.8312902555578643]
75	[2.748057946672265]
80	[2.713981698233667]
85	[2.7148378784625296]
90	[2.654886561954625]
95	[2.6031919545255793]
55	[2.8776664096633255]
60	[2.814270443613041]
65	[2.7881669307976757]
70	[2.513104251601631]
75	[2.6772714244769276]
80	[2.453061224489796]
85	[2.359752321981424]
90	[2.2346836290592567]
55	[2.975810473815461, 2.905159705159705, 2.7874609781477626]
55	[2.9077598828696924, 2.983640081799591, 2.9806163021868786]
60	[2.7806691449814127, 2.8435094920472035, 2.8051879301217575]
65	[2.6847736625514402, 2.6746954595791803, 2.729707792207792]
70	[2.551274787535411, 2.6530724717553045, 2.7600757370841222]
75	[2.5803418803418805, 2.627417027417027, 2.491808074897601]
80	[2.471647962197283, 2.4672382118799754, 2.334763948497854]
85	[2.278596051394547, 2.3525338369531004, 2.308638083228247]
90	[2.2044573643410854, 2.350888529886914, 2.2853910795087264]
95	[2.301169590643275, 2.3180914512922466, 2.251943005181347]
55	[2.880991064175467, 2.865833674723474, 2.8747199022204115]
55	[2.8615384615384616, 2.9291547570436913, 2.870497774180494]
60	[2.8534010152284264, 2.8241175270352987, 2.928004881025015]
65	[2.795252837977296, 2.8401639344262297, 2.7256544502617803]
70	[2.7862962189262586, 2.8040765391014975, 2.7852251504461507]
75	[2.7195096174170366, 2.755110554860242, 2.7796362115826887]
55	[2.8974255017230894, 2.859767299448867, 2.876263647391832]
60	[2.8515176374077114, 2.8513596401553873, 2.8644553644553645]
65	[2.8243822748621605, 2.810721649484536, 2.819192751235585]
70	[2.7213487794786926, 2.807906114885732, 2.843633347158855]
75	[2.77070328755722, 2.7253388946819603, 2.7108964938064246]
80	[2.7472643097643097, 2.737534479100361, 2.713503265220139]
85	[2.6894117647058824, 2.6804952215464812, 2.641961970613656]
90	[2.654187405323523, 2.6996520226185297, 2.6932185145317544]
95	[2.6652211621856026, 2.6209164656873494, 2.6486486486486487]
55	[6.0, 1.25, 3.75]
60	[4.5, 3.75, 5.75]
65	[4.25, 6.5, 2.75]
70	[1.75, 2.5, 2.25]
75	[3.5, 3.5, 3.5]
80	[3.5, 2.75, 6.0]
85	[4.25, 3.25, 2.75]
90	[4.25, 3.5, 1.75]
95	[3.75, 7.0, 1.25]
55	[3.0, 6.25, 3.75]
60	[3.0, 3.25, 7.0]
55	[1.25, 2.0, 2.75]
60	[2.5, 5.0, 6.25]
65	[2.5, 5.5, 4.0]
70	[6.0, 3.5, 3.5]
75	[7.0, 2.0, 5.0]
80	[2.75, 4.25, 5.5]
85	[2.25, 5.75, 2.75]
90	[2.75, 6.0, 5.5]
95	[2.25, 5.25, 2.75]
55	[3.0, 7.0, 2.5]
55	[3.5]
55	[3.25]
55	[4.0]
55	[2.5]
55	[2.5]
55	[3.0]
55	[2.0]
55	[4.0]
55	[2.849056603773585]
55	[2.1724137931034484]
55	[1.4452830188679244]
55	[1.443661971830986]
55	[1.4536082474226804]
55	[1.4513888888888888]
55	[1.3663366336633664]
55	[1.4523809523809523]
55	[1.4572490706319703]
55	[1.4767441860465116]
55	[1.5065359477124183]
55	[1.5149253731343284]
55	[1.6758620689655173]
55	[1.684654300168634]
55	[1.7676923076923077]
55	[1.7339901477832513]
55	[1.7713815789473684]
55	[1.6149253731343283]
55	[1.4531722054380665]
55	[1.4811320754716981]
55	[1.5902140672782874]
60	[1.462837837837838]
65	[1.505084745762712]
70	[1.4859154929577465]
75	[1.4915824915824916]
80	[1.5856164383561644]
85	[1.4440677966101696]
90	[1.482394366197183]
95	[1.460377358490566]
55	[0]
55	[0]
55	[0]
55	[1.7430555555555556]
55	[1.858995137763371]
55	[1.8628389154704945]
55	[1.8104575163398693]
55	[1.8105436573311366]
55	[1.7034035656401945]
60	[1.7013422818791946]
65	[1.6421232876712328]
70	[1.683453237410072]
75	[1.6381818181818182]
80	[1.673828125]
85	[1.6588235294117648]
90	[1.5656565656565657]
95	[1.5954198473282444]
55	[1.694308943089431]
60	[1.687813021702838]
65	[1.67921146953405]
70	[1.6780575539568345]
75	[1.6535580524344569]
80	[1.5583482944344704]
85	[1.658869395711501]
90	[1.5758157389635317]
95	[1.6081081081081081]
55	[1.819078947368421]
60	[1.684640522875817]
65	[1.6960431654676258]
70	[1.6747404844290656]
75	[1.6156521739130434]
80	[1.6647940074906367]
85	[1.6427221172022684]
90	[1.601123595505618]
95	[1.6047904191616766]
55	[1.7720465890183028]
60	[1.769100169779287]
65	[1.6705882352941177]
70	[1.6742556917688267]
75	[1.6895306859205776]
80	[1.6635859519408502]
85	[1.6254752851711027]
90	[1.6070763500931098]
95	[1.6202020202020202]
55	[1.7165861513687601]
60	[1.7130872483221478]
65	[1.6678635547576302]
70	[1.5919055649241147]
75	[1.6606822262118492]
80	[1.6967984934086628]
85	[1.6842105263157894]
90	[1.5914396887159532]
95	[1.5148514851485149]
55	[2.9154]
60	[2.9558]
65	[2.9351]
70	[2.9605]
75	[2.9172917291729172]
80	[2.938575430172069]
85	[2.9207841568313664]
55	[2.9009]
60	[2.9347]
65	[2.905]
70	[2.916]
75	[2.9655]
80	[2.9141828365673135]
85	[2.934093409340934]
90	[2.9056]
95	[2.9499849954986495]
55	[4.437711704930373]
60	[4.308762692741632]
65	[4.374014269620728]
70	[4.485800833017796]
75	[4.322363500373972]
80	[4.247014925373135]
85	[4.346212121212122]
90	[4.404473085670963]
95	[4.37324744221296]
55	[2.0]
55	[2.0]
55	[2.0]
55	[20.0]
55	[7.0]
55	[1.0]
55	[4.9]
55	[4.9]
55	[1.8]
55	[7.526315789473684]
55	[7.0]
55	[7.2]
55	[5.84]
55	[5.88]
55	[5.879676440849343]
55	[4.3526752072343635]
55	[7.0]
55	[5.8]
55	[2.6]
55	[1.8179012345679013]
55	[1.8486312399355878]
60	[1.6797385620915033]
65	[1.8380634390651085]
70	[1.779896013864818]
75	[1.6632302405498283]
80	[1.6837455830388692]
85	[1.6415770609318996]
90	[1.7233273056057865]
95	[1.667269439421338]
55	[2.775777414075286]
60	[2.672849915682968]
65	[2.4922813036020584]
70	[2.6529850746268657]
75	[2.571157495256167]
80	[2.4681647940074907]
85	[2.422348484848485]
55	[2.6774193548387095]
60	[2.692047377326565]
65	[2.709090909090909]
70	[2.7205387205387206]
75	[2.5218914185639227]
80	[2.5416666666666665]
85	[2.441458733205374]
90	[2.3371647509578546]
95	[2.4773175542406314]
55	[2.812807881773399]
60	[2.609951845906902]
65	[2.63481228668942]
70	[2.552264808362369]
75	[2.4586994727592266]
80	[2.5315985130111525]
85	[2.523992322456814]
90	[2.446728971962617]
95	[2.4952380952380953]
55	[2.7]
60	[5.888888888888889]
65	[5.7]
70	[3.6]
75	[6.25]
80	[8.666666666666666]
85	[4.0]
90	[6.444444444444445]
95	[3.4]
55	[4.1]
60	[9.0]
65	[7.125]
70	[4.7]
75	[5.1]
80	[7.444444444444445]
85	[4.0]
90	[4.7]
95	[4.666666666666667]
55	[4.7]
60	[7.555555555555555]
65	[2.8]
70	[4.9]
75	[4.4]
80	[5.888888888888889]
85	[2.7]
90	[3.0]
95	[4.6]
55	[5.2]
60	[4.1]
65	[3.0]
70	[5.4]
75	[4.8]
80	[2.2]
85	[4.5]
90	[5.6]
95	[4.9]
55	[6.9]
60	[5.555555555555555]
65	[5.555555555555555]
70	[5.7]
75	[5.333333333333333]
80	[5.0]
85	[5.6]
90	[4.0]
95	[4.9]
55	[4.170909090909091]
60	[4.064598168870804]
65	[4.0088633993743485]
55	[4.293483837865572]
55	[3.6338028169014085]
60	[3.0714285714285716]
65	[3.352112676056338]
70	[3.85]
75	[3.819672131147541]
80	[3.3278688524590163]
85	[3.5223880597014925]
90	[3.3484848484848486]
95	[3.9056603773584904]
55	[3.8160377358490565]
60	[3.8633257403189067]
65	[3.515765765765766]
70	[3.7746478873239435]
75	[3.6870588235294117]
80	[3.6049382716049383]
85	[3.68075117370892]
90	[3.358447488584475]
55	[3.805045871559633]
60	[3.7865707434052758]
65	[3.7]
70	[3.8853658536585365]
75	[3.546875]
80	[3.627232142857143]
85	[3.658482142857143]
90	[3.4840182648401825]
95	[3.296551724137931]
55	[3.798206278026906]
60	[3.872146118721461]
65	[3.4827586206896552]
70	[3.6902050113895215]
75	[3.698481561822126]
80	[3.732876712328767]
85	[3.5337837837837838]
90	[3.3131991051454137]
95	[3.4755555555555557]
55	[5.277216610549944]
60	[5.297235023041475]
65	[5.151071025930102]
70	[5.373167981961669]
75	[5.305274971941639]
80	[5.1040974529346625]
85	[5.289838337182448]
55	[4.222164140094093]
60	[4.178425357873211]
65	[4.075129533678757]
70	[4.022575679835813]
75	[4.068702290076335]
80	[4.107416879795396]
85	[4.151193633952254]
90	[3.996401028277635]
95	[4.034394250513347]
55	[2.735294117647059]
60	[2.4609665427509295]
65	[2.6264822134387353]
70	[2.5754527162977867]
75	[2.402020202020202]
80	[2.3607594936708862]
85	[2.320910973084886]
90	[2.2857142857142856]
95	[2.3401360544217686]
55	[1.7238938053097346]
60	[1.6952554744525548]
65	[1.6648451730418943]
70	[1.5682656826568266]
75	[1.5566218809980805]
80	[1.5691382765531061]
85	[1.5975359342915811]
90	[1.542094455852156]
95	[1.50635593220339]
55	[2.4609800362976406]
60	[2.5708955223880596]
65	[2.4662576687116564]
70	[2.549019607843137]
75	[2.4613861386138614]
80	[2.298989898989899]
85	[2.267094017094017]
90	[2.194130925507901]
95	[2.3100436681222707]
55	[2.596715328467153]
60	[2.525328330206379]
65	[2.582150101419878]
70	[2.37888198757764]
75	[2.3058823529411763]
80	[2.376518218623482]
85	[2.3698030634573306]
90	[2.2941176470588234]
95	[2.3555045871559632]
55	[5.706495589414595]
60	[5.6046931407942235]
65	[5.516401690480982]
70	[5.411913430420712]
75	[5.310165869543096]
80	[5.283623336745138]
85	[5.278549222797928]
90	[5.066996213714766]
95	[5.056083650190114]
55	[4.5]
60	[3.2]
65	[3.25]
70	[6.444444444444445]
75	[3.6666666666666665]
80	[5.3]
85	[4.4]
90	[5.1]
95	[4.444444444444445]
55	[6.5]
60	[5.7]
65	[4.25]
70	[3.5]
75	[6.4]
80	[7.428571428571429]
85	[4.0]
90	[4.555555555555555]
95	[4.333333333333333]
55	[3.310769230769231]
60	[3.187878787878788]
65	[3.6517241379310343]
70	[3.2896341463414633]
75	[3.1957186544342506]
80	[3.15]
85	[3.297124600638978]
90	[2.869565217391304]
95	[3.012158054711246]
55	[3.39672131147541]
60	[3.2539184952978055]
65	[3.554858934169279]
70	[3.135693215339233]
75	[3.276923076923077]
80	[3.4790996784565915]
85	[3.3033033033033035]
90	[3.1060171919770774]
95	[3.2579617834394905]
55	[2.0676392572944295]
60	[2.100954979536153]
65	[2.005586592178771]
70	[2.01]
75	[2.0073746312684366]
80	[1.9359534206695779]
85	[1.990668740279938]
90	[1.8593272171253823]
95	[1.9205607476635513]
55	[2.984848484848485]
60	[2.9896103896103896]
65	[2.94750656167979]
70	[2.876847290640394]
75	[2.8055555555555554]
55	[3.6195121951219513]
60	[3.5665024630541873]
65	[3.7475247524752477]
70	[3.568019093078759]
75	[3.6634146341463416]
80	[3.8074074074074074]
85	[3.548076923076923]
55	[3.2844036697247705]
60	[3.0031152647975077]
65	[3.1246200607902734]
70	[3.3003095975232197]
75	[3.2365930599369084]
55	[4.378048780487805]
60	[4.121951219512195]
65	[3.9740259740259742]
70	[3.9871794871794872]
75	[4.1688311688311686]
80	[4.381578947368421]
85	[4.112676056338028]
90	[3.5675675675675675]
95	[3.96]
55	[20.0]
60	[8.0]
65	[8.0]
70	[2.0]
75	[4.0]
80	[20.0]
85	[20.0]
90	[20.0]
95	[2.0]
55	[1.0]
55	[3.0]
55	[1.0]
55	[4.0]
55	[1.0]
55	[3.0]
55	[1.0]
55	[2.0]
55	[1.0]
55	[2.0]
55	[6.0]
55	[1.0]
55	[1.0]
55	[4.0]
55	[1.0]
55	[4.0]
55	[2.0]
55	[2.0]
55	[3.0]
55	[2.0]
55	[5.0]
55	[2.0]
55	[10.0]
55	[1.0]
55	[10.0]
55	[1.0]
55	[1.0]
55	[2.0]
55	[4.0]
55	[3.0]
55	[4.0]
55	[4.0]
55	[2.0]
55	[2.0]
55	[8.0]
55	[1.0]
55	[2.0]
55	[4.0]
55	[2.0]
55	[6.0]
55	[3.0]
55	[2.0]
55	[3.0]
55	[1.0]
55	[1.0]
55	[1.0]
55	[1.0]
55	[2.0]
55	[4.0]
55	[1.0]
55	[3.0]
55	[3.0]
55	[1.0]
55	[3.0]
55	[1.0]
55	[1.0]
55	[1.0]
55	[3.0]
55	[1.0]
55	[1.0]
55	[1.0]
55	[1.0]
55	[3.393343419062027]
55	[3.348529411764706]
55	[3.3703703703703702]
60	[3.203125]
65	[3.1459293394777266]
70	[3.195758564437194]
75	[3.133223684210526]
80	[3.017035775127768]
85	[3.0]
90	[3.022727272727273]
95	[2.836734693877551]
55	[5.7584]
60	[5.661032206441289]
65	[5.698909672901871]
70	[5.685968596859686]
55	[5.6243]
60	[5.7027]
65	[5.69590877263179]
70	[5.613345338135254]
75	[5.637018509254627]
80	[5.568882659191029]
85	[5.5492181234963915]
90	[5.568334503158528]
55	[5.5605]
60	[5.674502350705212]
65	[5.578273482044613]
70	[5.685642821410705]
75	[5.624512256128064]
80	[5.571257005604483]
85	[5.5061097756410255]
90	[5.549027471425707]
55	[3.6291887566269883]
60	[3.610252808988764]
65	[3.586826952217396]
55	[3.626926926926927]
60	[3.6026130653266333]
65	[3.591884233960737]
70	[3.5312692228829197]
75	[3.5563964337549243]
80	[3.467329245083527]
55	[4.5]
60	[3.5]
65	[2.5]
70	[3.0]
75	[1.5]
80	[1.5]
85	[2.0]
90	[6.0]
95	[7.0]
55	[2.5]
60	[4.0]
65	[2.5]
70	[2.0]
75	[3.5]
80	[1.5]
85	[1.5]
90	[5.0]
95	[1.0]
55	[3.5]
60	[3.0]
65	[2.5]
70	[1.5]
75	[4.0]
80	[1.0]
85	[1.5]
90	[1.5]
95	[2.0]
55	[5.0]
60	[1.5]
65	[2.5]
70	[3.5]
75	[4.0]
80	[4.0]
85	[2.5]
90	[2.5]
95	[2.5]
55	[1.5]
60	[4.0]
65	[5.0]
70	[2.0]
75	[4.0]
80	[4.0]
85	[1.0]
90	[3.5]
95	[2.0]
55	[3.0]
60	[2.5]
65	[2.5]
70	[2.0]
75	[3.5]
80	[4.0]
85	[1.5]
90	[4.0]
95	[3.0]
55	[3.5]
60	[6.0]
65	[2.5]
70	[3.0]
75	[1.0]
80	[2.5]
85	[2.5]
90	[4.0]
95	[1.5]
55	[1.9733240949246493]
60	[1.7976779596497907]
65	[1.6990487755515078]
70	[1.6670159262363788]
55	[2.7235665439242505]
60	[2.6247408431237043]
65	[2.4169889913716154]
70	[2.2996941896024463]
75	[2.2537915456598903]
80	[2.0665011526866466]
85	[2.1028102635713037]
90	[1.9800876872488127]
55	[2.8973916573632397]
60	[2.84009009009009]
65	[2.812590150422419]
70	[2.7725798011512297]
75	[2.731033753042006]
80	[2.668664383561644]
55	[2.821992265077872]
60	[2.811073895750471]
65	[2.809321154245381]
55	[2.842225927469779]
60	[2.811234078095636]
65	[2.792916100720928]
70	[2.7398960432799404]
75	[2.737147071217868]
80	[2.728756092392456]
55	[5.586431506162942]
60	[5.484356197352588]
65	[5.487611595947437]
70	[5.380396497937003]
75	[5.290541224076884]
80	[5.151336517938815]
85	[5.1257131214343925]
90	[5.050255885363357]
95	[5.051880008218615]
55	[2.482968512232237]
60	[2.4543636791343215]
55	[2.4716981132075473]
55	[2.9392514011208966]
60	[2.886750851874123]
65	[2.9324405960531617]
70	[2.8854071595172903]
75	[2.874885379521141]
80	[2.818312020460358]
85	[2.8020757654385053]
90	[2.795532825383572]
95	[2.7903141086248557]
55	[2.9483638546982887]
60	[2.927544970354738]
65	[2.9159536990437847]
70	[2.9102616102210503]
75	[2.874416243654822]
80	[2.8267489711934157]
85	[2.7949010260130582]
90	[2.749947357338387]
95	[2.7811777076761306]
55	[2.0951546993578516]
60	[2.0457953394123605]
65	[2.031591988436919]
70	[1.991832229580574]
75	[1.92138150420359]
55	[2.4983231178443392]
60	[2.4454920447849147]
65	[2.3658303464755077]
70	[2.3371601208459216]
75	[2.3214420298957417]
80	[2.2504739037027677]
85	[2.2045337454920144]
55	[0]
60	[0]
65	[0]
70	[0]
55	[0]
60	[0]
65	[0]
70	[0]
75	[0]
80	[0]
85	[0]
90	[0]
95	[0]
55	[0]
60	[0]
65	[0]
70	[0]
75	[0]
80	[0]
85	[0]
90	[0]
55	[0]
55	[0]
55	[2.194158397303876]
55	[3.6419]
55	[3.86]
55	[0]
55	[0]
55	[0]
55	[0]
55	[0]
55	[0]
55	[0]
55	[0]
55	[0]
55	[0]
55	[0]
55	[0]
55	[0]
55	[0]
55	[0]
55	[0]
55	[0]
55	[3.3]
55	[3.3]
55	[2.5]
55	[2.5]
55	[4.0]
55	[2.8]
55	[4.2]
55	[3.7]
55	[3.6054]
55	[3.6197]
55	[3.6261]
55	[5.6171]
55	[5.668]
55	[5.6878]
60	[5.6391]
65	[5.6966]
55	[5.652]
60	[5.645]
65	[5.7223]
70	[5.7449]
75	[5.6249]
80	[5.6735]
85	[5.7132]
55	[5.654165416541654]
60	[5.659165916591659]
65	[5.630393432776054]
70	[5.553415588323804]
75	[5.512717402231829]
80	[5.407496977025393]
55	[5.6795]
60	[5.630541378965276]
65	[5.647058823529412]
70	[5.502055137844612]
75	[5.5300623366177355]
80	[5.418649193548387]
85	[5.235890161110548]
90	[5.1676229508196725]
95	[5.080587575232072]
55	[5.535]
60	[5.725452907616855]
65	[5.619457511760585]
70	[5.511222444889779]
75	[5.38358089120835]
80	[5.399838774687626]
85	[5.432983447719015]
90	[5.294733631557544]
95	[5.213367346938775]
55	[5.588835534213685]
60	[5.602680804241272]
65	[5.5117281475541295]
70	[5.586862921798338]
75	[5.474007038712921]
80	[5.411628608791872]
85	[5.397152378067252]
90	[5.124116743471582]
95	[5.104522096608427]
55	[3.5]
55	[1.0]
55	[4.0]
55	[1.0]
55	[2.0]
55	[1.0]
55	[8.0]
55	[1.0]
55	[8.0]
55	[8.0]
55	[4.4]
55	[3.7]
55	[3.9]
55	[4.6]
55	[1.5]
55	[3.0]
55	[2.4]
55	[4.7]
55	[4.1]
55	[3.0]
55	[4.1]
55	[3.4]
55	[2.6]
55	[5.0]
55	[5.1]
55	[2.8]
55	[3.9]
55	[3.1]
55	[2.0]
55	[4.1]
55	[3.0]
55	[4.0]
55	[5.5]
55	[3.6]
55	[4.0]
55	[4.0]
55	[8.0]
55	[3.0]
55	[4.0]
55	[5.6]
55	[3.0]
55	[3.6]
55	[4.4]
55	[4.0]
55	[3.6]
55	[3.6]
55	[3.0]
55	[4.4]
55	[4.6]
55	[5.2]
55	[4.0]
55	[3.0]
55	[3.8]
55	[5.6]
55	[3.6]
55	[2.4]
55	[2.4]
55	[3.6]
55	[2.8]
55	[2.4]
55	[2.0]
55	[4.2]
55	[4.6]
55	[2.1]
55	[3.7]
55	[3.5]
55	[3.6]
55	[3.3]
55	[2.8]
55	[3.0]
55	[4.0]
55	[3.9]
55	[3.6666666666666665]
55	[4.1]
55	[2.4]
55	[3.0]
55	[3.6666666666666665]
55	[2.8]
55	[2.3]
55	[3.4]
55	[3.0]
55	[4.4]
55	[3.6]
55	[3.7]
55	[2.0]
55	[2.2]
55	[4.3]
55	[4.1]
55	[4.8]
55	[2.3]
55	[1.8]
55	[4.0]
55	[1.8]
55	[3.9]
55	[2.5]
55	[3.5]
55	[2.5]
55	[4.0]
55	[3.2]
55	[2.8]
55	[3.6]
55	[3.8]
55	[3.3]
55	[5.3]
55	[3.2]
55	[2.2]
55	[3.8]
55	[3.2]
55	[3.7]
55	[4.8]
55	[3.2]
55	[3.8]
55	[3.2]
55	[1.5]
55	[5.0]
55	[3.888888888888889]
55	[4.2]
55	[3.1]
55	[2.9]
55	[3.4]
55	[4.0]
55	[2.6]
55	[3.7]
55	[2.6]
55	[3.7]
55	[2.1]
55	[2.8]
55	[2.7777777777777777]
55	[2.6818181818181817]
55	[2.1587301587301586]
55	[2.5757575757575757]
55	[2.9859154929577465]
55	[2.965473145780051]
55	[3.642]
60	[3.58]
65	[3.632]
70	[3.691]
75	[3.686]
55	[3.6268]
60	[3.6482]
65	[3.6198239647929586]
70	[3.633680208124875]
75	[3.608104052026013]
80	[3.610754414125201]
85	[3.5422114117766292]
55	[3.6114]
60	[3.6748]
65	[3.669268487941559]
70	[3.6235530951182686]
75	[3.574034660991183]
80	[3.540156507413509]
55	[5.5913]
60	[5.6712]
65	[5.6771]
70	[5.7526]
75	[5.6505]
55	[3.1239766081871343]
60	[3.2259559675550404]
65	[2.960526315789474]
70	[3.0850546780072903]
75	[2.939470365699874]
80	[2.819753086419753]
85	[3.0163934426229506]
90	[3.025469168900804]
55	[3.063942534149788]
60	[3.015112102068624]
65	[2.788785046728972]
70	[2.6546304163126595]
75	[2.6919687277896234]
